PRES	HGHT	DRCT	SKNT	THTA	THTE	THTV	MIXR	DWPT	RELH	TEMP													
1007.146309	103.9646562	146.1623043	7.714645499	291.1209946	94614.67182	312.5933538	120.9139482	17.05120566	90.912743	18.56448874													
1002.241804	164.8745392	144.118491	7.613997757	291.3210169	86922.03978	312.8777303	121.3056125	17.01685461	91.89819128	18.35764979													
989.1762859	282.5046663	127.2674742	8.896347357	291.5487235	57359.3558	312.916258	120.147139	16.61668435	94.60404646	17.49270135													
960.8419789	532.8432237	119.5672247	9.808769032	292.001653	21097.61737	312.5635719	115.4379208	15.59404238	100.3808007	15.53470383													
937.0677774	746.2527336	128.7708802	10.1610043	292.6852259	12169.96263	309.2427848	92.73969715	13.87866087	85.87008995	14.14449741													
916.7216435	932.7552797	142.3925725	10.16395409	295.3486857	26242.14111	312.5303038	95.36723315	11.85887227	82.21313203	14.94449741													
898.3961395	1103.806981	159.099994	10.59373311	297.8841921	62285.75162	315.5480378	97.20933485	9.924723006	77.76746788	15.74449741													
881.1037893	1269.182457	164.6834437	11.00784432	300.3741151	150632.5336	318.0863556	96.66765017	7.829014144	72.14003744	16.54449741													
864.0020979	1440.574583	172.4748847	11.79328084	302.8967953	404711.4241	320.6559083	96.11623627	5.683525	66.7473863	17.34449741													
846.987339	1608.642966	173.3721359	12.66476734	303.9314579	314623.2291	319.6607527	84.84060612	3.330271143	60.60043294	16.68341367													
829.4064076	1785.886446	171.4360145	13.59893765	305.0454017	269942.1508	318.791165	73.87109625	0.719354267	53.92050821	16.00583142													
811.567818	1970.277852	169.5431073	14.50516227	306.1862557	231811.5445	318.1848832	64.24155505	-1.975742884	47.94145899	15.28807578													
793.862313	2157.033929	168.6785906	15.39405022	307.2962297	178962.8143	317.8312261	56.20142457	-4.442441764	43.23186505	14.51323145													
774.6300504	2364.42406	169.7389853	16.0948085	308.4725936	138094.3127	317.6860533	48.96393604	-7.005869314	38.8602667	13.59613071													
755.1035402	2579.902502	173.6866556	16.733065	309.6202099	86418.62749	317.7269691	42.92280893	-9.227157954	35.76900744	12.56902638													
735.4172467	2805.224506	176.6036272	17.11656273	310.8242414	58839.55571	318.0282655	37.99534902	-11.37155484	33.03943393	11.52121318													
714.5686879	3045.70648	182.0647697	17.45336846	311.9923596	35540.88203	318.4393114	33.87510318	-13.09217832	31.07807631	10.25045122													
693.3240902	3296.199061	184.6036766	17.73549429	313.1829275	19412.91078	318.9045552	29.94964534	-14.88798619	29.36239739	8.886851938													
672.0198561	3554.416321	187.6038875	18.13829826	314.3050256	10657.94356	319.5278934	27.24130269	-16.52023881	28.61481375	7.38212883													
650.4435108	3822.7144	190.1980838	18.71482003	315.4091433	5544.254337	320.0836434	24.29579219	-18.23490686	27.64026415	5.752379883													
627.9368965	4109.55311	193.7634342	19.29498136	316.5667878	2778.942114	320.7960422	21.90123601	-19.99184731	27.27426651	3.970928898													
606.3615614	4392.52702	197.0735043	20.00810987	317.6600527	1424.941916	321.5135629	19.88676213	-21.49362359	27.20487296	2.16118716													
584.4769252	4689.152229	201.3010722	20.62974254	318.723934	717.9128951	322.1769792	17.76060472	-23.01117849	26.99180048	0.194377483													
562.6935127	4991.858466	205.158636	21.54819389	319.8524181	383.3942592	322.9804027	16.03190524	-24.79159681	27.12674321	-1.801513187													
541.3070506	5298.893859	207.8187824	22.45087936	320.8806605	203.4698026	323.7201095	14.50643514	-26.23143104	27.63130503	-3.92930786													
520.3816353	5608.843696	210.3413541	23.60005463	321.9203851	113.7018057	324.4348006	12.8043853	-28.09231089	27.59565798	-6.08525586													
499.9169533	5922.944937	212.1374861	24.87995039	322.8748398	64.48114392	325.1437965	11.52025726	-29.53282043	28.37501788	-8.34938276													
480.4197619	6230.749658	216.9779291	26.01401504	323.8309323	39.16165733	325.8331141	10.13573722	-31.17261626	28.55137245	-10.5698469													
460.0812896	6566.134279	220.7047822	27.31620732	324.8212482	24.17072662	326.5998859	8.976627957	-32.97234442	29.33538548	-13.00521848													
440.7264059	6891.947758	224.9662767	28.43181528	325.7918139	15.74745836	327.3589442	7.885606456	-34.63836872	29.98329451	-15.41552038													
422.473034	7214.635614	226.0858429	29.68883976	326.7722307	10.88366647	328.1340591	6.831992701	-36.47730906	30.2300562	-17.74837564													
403.304841	7562.697589	229.1736494	31.08308033	327.8279443	7.651381421	328.9922132	5.822070669	-38.49314411	30.48204539	-20.30339147													
385.92172	7889.825907	232.8229513	32.45307188	328.8194645	5.698025372	329.825696	5.016612724	-40.4073889	30.96674521	-22.7142672													
368.97871	8219.359089	233.8310568	33.90080474	329.8447329	4.407410439	330.7035783	4.268503384	-42.24396006	31.15695901	-25.138438													
352.8830372	8543.570108	232.4363229	35.3256494	330.9423798	3.58402398	331.6875428	3.691212519	-44.00533455	31.54882495	-27.46717942													
337.0255054	8873.372119	236.9467471	36.52729357	332.1230092	2.968256065	332.7599211	3.143768736	-45.89285563	31.78734819	-29.81167402													
321.7288651	9205.299715	239.2680741	37.91262736	333.4145857	2.53935287	333.9518197	2.641490463	-48.07444158	31.48379575	-32.08911733													
307.5888965	9519.878387	239.3745468	39.30099572	334.7408984	2.235544407	335.1971457	2.234404012	-50.02582881	31.11983303	-34.22126463													
293.345081	9850.513303	241.8532917	40.53696274	336.2287935	1.99719452	336.6127946	1.872266838	-51.96973631	30.5925954	-36.39168418													
279.5599556	10183.20925	242.9097617	41.62535217	337.8891015	1.817820734	338.2142352	1.577458754	-53.95390535	30.10417469	-38.47543399													
267.3183053	10493.46431	244.3526199	42.4901348	339.5734579	1.691636775	339.8498077	1.33412206	-55.81930514	29.19304289	-40.30659313													
254.9403482	10816.90057	244.167024	43.48098878	341.5639628	1.590829689	341.8036252	1.1502653	-57.75145849	28.7566325	-42.09600828													
243.4087454	11129.08779	245.7864855	44.51415007	343.654739	1.513182507	343.8612385	0.985069547	-59.49286873	27.82682336	-43.73887003													
232.8192968	11428.39062	248.781046	45.06747694	345.8476583	1.455104805	346.0283877	0.856671204	-61.19404665	26.93934605	-45.19335016													
222.3282312	11735.39568	249.4056917	45.13851031	348.2075727	1.40536533	348.3599303	0.717292221	-63.03959927	25.08014758	-46.64454225													
212.4461121	12043.4072	251.2421443	45.03993673	350.803568	1.369257405	350.9331738	0.605662158	-64.72952826	23.11687626	-47.90396484													
202.5503326	12362.91056	251.8308635	44.78884093	353.6333194	1.336681273	353.7448991	0.517252162	-66.38882669	21.5521734	-49.16362335													
193.1127247	12680.5877	253.3967823	44.71379103	356.5604244	1.308895881	356.6586581	0.451645561	-67.90001592	20.43645073	-50.3705882													
184.3869444	12989.27765	255.0176359	44.35445761	359.6549467	1.288994927	359.7427823	0.400363708	-69.29972195	19.34124194	-51.389156													
175.7696947	13305.27967	254.2878356	43.54078688	363.0278262	1.272275268	363.1038772	0.34342772	-70.70559023	17.61167796	-52.35262866													
167.5329114	13617.60532	257.7760804	42.83604516	366.6274147	1.260211172	366.693179	0.294059745	-72.09439613	15.80966373	-53.20323675													
159.458106	13934.97093	259.9340843	42.13897368	370.3670834	1.247896512	370.4251506	0.257021077	-73.33905821	14.52096479	-54.07677097													
151.6997517	14254.84022	261.2635178	41.24458521	374.3275087	1.238536279	374.3783476	0.222645616	-74.48712969	13.09680093	-54.8702656													
144.5610143	14543.90746	260.0835916	39.65236184	378.2602346	1.230492219	378.3058335	0.197621258	-75.47796668	12.05007671	-55.5968745													
137.5394878	14857.52458	260.6716711	38.51259187	382.4455437	1.223959477	382.4859529	0.173213297	-76.45650546	10.89391807	-56.29979255													
131.1930933	15167.2575	258.4539096	36.82219751	386.6687592	1.221854212	386.7063707	0.159460034	-77.2619527	10.15669005	-56.84745824													
124.9863799	15456.85119	259.8098827	35.490853	390.9939573	1.218181209	391.0280844	0.143086609	-78.07395687	9.291338231	-57.4387603													
118.8604537	15764.02907	260.9420952	33.98960849	395.6688593	1.215895226	395.7008196	0.132418803	-78.75732523	8.711763344	-57.97462793													
113.224357	16057.05983	259.8966176	32.8252725	400.3910446	1.215108484	400.420346	0.119970227	-79.39468017	7.94504815	-58.41088644													
107.8993202	16348.38271	260.612148	31.50215454	405.1918932	1.215797025	405.2192382	0.110633713	-79.95640211	7.32673598	-58.80956967													
102.7008515	16639.22051	260.6019667	29.91714086	410.2625445	1.219582866	410.2884244	0.103411861	-80.46341307	6.758945136	-59.17056031													
97.99353113	16919.10221	258.9925134	28.35353314	415.310219	1.223279411	415.3354586	0.099627687	-80.87598589	6.42759274	-59.42512294													
93.48596253	17196.39245	256.4973811	26.69043081	420.5128326	1.228561659	420.5370483	0.094403439	-81.25720546	5.974901185	-59.64270172													
89.37671856	17458.75418	256.6055582	25.28867759	425.6969475	1.237046226	425.7200861	0.089105954	-81.58944083	5.466622939	-59.77147137													
85.6243393	17708.08333	252.7396878	24.21729308	430.8207979	1.247189668	430.8435952	0.086747644	-81.88071177	5.132996671	-59.83594601													
81.99441868	17963.22816	251.6854993	23.02269569	436.069007	1.257394002	436.0917181	0.085379374	-82.1364369	4.878821369	-59.89583195													
78.69311607	18207.8814	248.2742965	22.00727016	441.3658428	1.272590824	441.3888259	0.085365202	-82.32205527	4.639413149	-59.82751772													
75.38571819	18458.86607	250.606823	21.05303113	446.9983363	1.289686075	447.0217961	0.08603749	-82.50447372	4.434922158	-59.74205559													
72.40495222	18688.01343	248.1819899	20.36150563	452.3574541	1.307011084	452.3815582	0.087353153	-82.66876924	4.282017295	-59.6610129													
69.55209366	18933.6845	246.2355247	19.5803267	458.0093188	1.329762054	458.0338197	0.087695553	-82.79913588	4.041269718	-59.46450963													
66.76851625	19180.31675	244.3986901	18.81010152	463.8678906	1.358224637	463.8933422	0.089948028	-82.90145955	3.860430394	-59.2445624													
64.15445832	19424.07216	241.4475227	18.1879338	469.6664163	1.38548045	469.6923878	0.09065209	-82.99335132	3.655326193	-59.03041952													
61.65086494	19670.62275	237.9226096	17.20578724	475.7114977	1.422571112	475.7381585	0.091875641	-83.06067656	3.428195578	-58.72952588													
59.19004151	19924.58934	236.1461767	16.64893442	482.0140792	1.464445877	482.0414422	0.093062258	-83.09918864	3.209043363	-58.40511106													
56.86033639	20171.60762	233.8148688	16.15754641	488.2523323	1.507597298	488.2806524	0.095086796	-83.14577623	3.047653723	-58.10971745													
54.63959087	20416.53258	229.7338223	15.71160168	494.569326	1.558153642	494.5987224	0.097439937	-83.18448888	2.891392801	-57.79532468													
52.56434452	20653.62143	226.7474754	15.31146997	500.9245182	1.618812875	500.9552189	0.100472266	-83.19502175	2.745143869	-57.43021065													
50.53785163	20901.93964	222.3484893	15.28631779	507.4458524	1.686171582	507.4780189	0.103916492	-83.18353054	2.617543889	-57.06525641													
48.58859236	21156.50035	220.3198409	15.31604538	514.1730798	1.767745633	514.2069896	0.10811513	-83.13940756	2.496885216	-56.64987588													
46.67950352	21422.42305	219.7341772	15.06543393	521.1887052	1.867791925	521.2242005	0.111646677	-83.07608233	2.350456358	-56.19728133													
44.86218746	21676.13711	219.7641527	14.97836609	528.2262764	1.981272832	528.2637117	0.116179954	-83.01910473	2.23422988	-55.75086654													
43.18480387	21924.50709	216.393365	15.00346837	535.1629443	2.115177857	535.2024664	0.121066518	-82.9316045	2.123974003	-55.28338462													
41.45033473	22187.46808	213.5344354	15.03296653	542.7567855	2.287553098	542.7990269	0.127586108	-82.81370141	2.02517631	-54.76727459													
39.76430059	22465.08087	212.9765938	15.15851501	550.4901727	2.490094971	550.5347371	0.132711544	-82.70165076	1.909518619	-54.27071168													
38.03305442	22748.62924	208.2105578	15.57144893	559.0140928	2.763594416	559.062304	0.141382331	-82.55101243	1.824288139	-53.6932915													
36.50037252	23010.38737	207.8118644	15.76511924	566.8801269	3.058950236	566.931381	0.148220353	-82.41985141	1.737636025	-53.20795484													
34.99042107	23298.56639	208.4611793	16.02306967	575.0364636	3.420884937	575.0911711	0.155963033	-82.28071052	1.660948165	-52.72297113													
33.51070023	23567.81654	210.171611	16.43525605	583.4181842	3.850240395	583.4769865	0.165228329	-82.14547304	1.604158533	-52.256751													
32.12689656	23848.85863	211.6197661	16.68301484	591.8364518	4.440887972	591.9000122	0.176057774	-81.98444452	1.544366435	-51.75583024													
30.83912392	24114.83724	210.2028915	17.11386126	600.218103	5.187655442	600.2864632	0.186708622	-81.80973828	1.481814463	-51.23213215													
29.57338318	24382.60717	209.7094763	17.251613	608.8850463	6.136639499	608.95897	0.199029945	-81.61367645	1.43187011	-50.70994322													
28.42378856	24611.28908	207.8593793	17.70816429	616.9991935	7.166188131	617.0784026	0.210455749	-81.46471088	1.393746685	-50.28717155													
27.40209534	24840.30496	209.793239	18.245374	624.5728303	8.482199995	624.6570661	0.221097587	-81.37928813	1.34815602	-49.90114147													
26.24072765	25143.17262	210.0715646	18.51779025	633.8440899	10.56841632	633.9343455	0.233432866	-81.23950129	1.289684343	-49.37604118													
25.22019465	25375.30413	214.6818839	18.80355451	642.3213413	12.98588885	642.4186667	0.248395542	-81.05707484	1.260891074	-48.94132922													
24.23691466	25640.88851	214.9567446	19.27327688	651.0101442	16.58284333	651.1152209	0.264599459	-80.86754999	1.224997496	-48.47835075													
